0.000000 0.000000
0.025000 0.000000
0.050000 0.000000
0.075000 0.000000
0.100000 0.000000
0.125000 0.000000
0.150000 0.000000
0.175000 0.000000
0.200000 0.000000
0.225000 0.000000
0.250000 0.000000
0.275000 0.000000
0.300000 0.000000
0.325000 0.000000
0.350000 0.000000
0.375000 0.000000
0.400000 0.000000
0.425000 0.000000
0.450000 0.000000
0.475000 0.000000
0.500000 0.000000
0.525000 0.000000
0.550000 0.000000
0.575000 0.000000
0.600000 0.000000
0.625000 0.000000
0.650000 0.000000
0.675000 0.000000
0.700000 0.000000
0.725000 0.000000
0.750000 0.000000
0.775000 0.000009
0.800000 0.000125
0.825000 0.000847
0.850000 0.003848
0.875000 0.013163
0.900000 0.036218
0.925000 0.083609
0.950000 0.166825
0.975000 0.294250
1.000000 0.467099
1.025000 0.677399
1.050000 0.909207
1.075000 1.142624
1.100000 1.358835
1.125000 1.544158
1.150000 1.691902
1.175000 1.801940
1.200000 1.878805
1.225000 1.929337
1.250000 1.960688
1.275000 1.978997
1.300000 1.988547
1.325000 1.990993
1.350000 1.984431
1.375000 1.962705
1.400000 1.915928
1.425000 1.832983
1.450000 1.705674
1.475000 1.532872
1.500000 1.322590
1.525000 1.090789
1.550000 0.857374
1.575000 0.641165
1.600000 0.455842
1.625000 0.308098
1.650000 0.198060
1.675000 0.121195
1.700000 0.070663
1.725000 0.039303
1.750000 0.020878
1.775000 0.010606
1.800000 0.005158
1.825000 0.002405
1.850000 0.001076
1.875000 0.000463
1.900000 0.000191
1.925000 0.000076
1.950000 0.000029
1.975000 0.000000
